1000
L 18467 41 0 0 
L 0 0 1 1 
L 26500 6334 0 0 
L 1 0 2 1 
L 15724 19169 0 0 
L 2 0 3 1 
L 29358 11478 0 0 
L 3 0 4 1 
L 24464 26962 0 0 
L 4 0 5 1 
L 28145 5705 0 0 
L 5 0 6 1 
L 16827 23281 0 0 
L 6 0 7 1 
L 491 9961 0 0 
L 7 0 8 1 
L 11942 2995 0 0 
L 8 0 9 1 
L 5436 4827 0 0 
L 9 0 10 1 
L 14604 32391 0 0 
L 10 0 11 1 
L 153 3902 0 0 
L 11 0 12 1 
L 12382 292 0 0 
L 12 0 13 1 
L 18716 17421 0 0 
L 13 0 14 1 
L 19895 19718 0 0 
L 14 0 15 1 
L 21726 5447 0 0 
L 15 0 16 1 
L 11538 14771 0 0 
L 16 0 17 1 
L 19912 1869 0 0 
L 17 0 18 1 
L 26299 25667 0 0 
L 18 0 19 1 
L 9894 17035 0 0 
L 19 0 20 1 
L 23811 28703 0 0 
L 20 0 21 1 
L 30333 31322 0 0 
L 21 0 22 1 
L 4664 17673 0 0 
L 22 0 23 1 
L 7711 15141 0 0 
L 23 0 24 1 
L 6868 28253 0 0 
L 24 0 25 1 
L 27644 25547 0 0 
L 25 0 26 1 
L 32757 32662 0 0 
L 26 0 27 1 
L 12859 20037 0 0 
L 27 0 28 1 
L 9741 8723 0 0 
L 28 0 29 1 
L 778 27529 0 0 
L 29 0 30 1 
L 3035 12316 0 0 
L 30 0 31 1 
L 1842 22190 0 0 
L 31 0 32 1 
L 30106 288 0 0 
L 32 0 33 1 
L 8942 9040 0 0 
L 33 0 34 1 
L 22648 19264 0 0 
L 34 0 35 1 
L 23805 27446 0 0 
L 35 0 36 1 
L 6729 15890 0 0 
L 36 0 37 1 
L 15350 24370 0 0 
L 37 0 38 1 
L 31101 15006 0 0 
L 38 0 39 1 
L 3548 24393 0 0 
L 39 0 40 1 
L 12623 19629 0 0 
L 40 0 41 1 
L 19954 24084 0 0 
L 41 0 42 1 
L 11840 18756 0 0 
L 42 0 43 1 
L 7376 4966 0 0 
L 43 0 44 1 
L 26308 13931 0 0 
L 44 0 45 1 
L 32439 16944 0 0 
L 45 0 46 1 
L 11323 24626 0 0 
L 46 0 47 1 
L 21538 5537 0 0 
L 47 0 48 1 
L 2082 16118 0 0 
L 48 0 49 1 
L 16541 22929 0 0 
L 49 0 50 1 
L 31115 4833 0 0 
L 50 0 51 1 
L 29658 4639 0 0 
L 51 0 52 1 
L 9930 22704 0 0 
L 52 0 53 1 
L 2306 13977 0 0 
L 53 0 54 1 
L 22386 31673 0 0 
L 54 0 55 1 
L 28745 5021 0 0 
L 55 0 56 1 
L 19072 26924 0 0 
L 56 0 57 1 
L 5829 6270 0 0 
L 57 0 58 1 
L 15573 26777 0 0 
L 58 0 59 1 
L 16512 5097 0 0 
L 59 0 60 1 
L 13290 23986 0 0 
L 60 0 61 1 
L 18636 9161 0 0 
L 61 0 62 1 
L 24767 22355 0 0 
L 62 0 63 1 
L 15574 23655 0 0 
L 63 0 64 1 
L 12052 4031 0 0 
L 64 0 65 1 
L 1150 27350 0 0 
L 65 0 66 1 
L 21724 16941 0 0 
L 66 0 67 1 
L 3430 13966 0 0 
L 67 0 68 1 
L 30191 31107 0 0 
L 68 0 69 1 
L 11337 18007 0 0 
L 69 0 70 1 
L 12287 15457 0 0 
L 70 0 71 1 
L 10383 27753 0 0 
L 71 0 72 1 
L 8909 14945 0 0 
L 72 0 73 1 
L 9758 32209 0 0 
L 73 0 74 1 
L 18588 24221 0 0 
L 74 0 75 1 
L 24946 6422 0 0 
L 75 0 76 1 
L 13030 27506 0 0 
L 76 0 77 1 
L 29168 16413 0 0 
L 77 0 78 1 
L 32591 900 0 0 
L 78 0 79 1 
L 1655 18762 0 0 
L 79 0 80 1 
L 6359 17410 0 0 
L 80 0 81 1 
L 20537 27624 0 0 
L 81 0 82 1 
L 6483 21548 0 0 
L 82 0 83 1 
L 4041 27595 0 0 
L 83 0 84 1 
L 24350 3602 0 0 
L 84 0 85 1 
L 30836 10291 0 0 
L 85 0 86 1 
L 11020 9374 0 0 
L 86 0 87 1 
L 24021 4596 0 0 
L 87 0 88 1 
L 23199 27348 0 0 
L 88 0 89 1 
L 24484 19668 0 0 
L 89 0 90 1 
L 4734 8281 0 0 
L 90 0 91 1 
L 1999 53 0 0 
L 91 0 92 1 
L 27938 26418 0 0 
L 92 0 93 1 
L 3788 6900 0 0 
L 93 0 94 1 
L 467 18127 0 0 
L 94 0 95 1 
L 14893 3728 0 0 
L 95 0 96 1 
L 22483 24648 0 0 
L 96 0 97 1 
L 2421 17807 0 0 
L 97 0 98 1 
L 6617 14310 0 0 
L 98 0 99 1 
L 9514 22813 0 0 
L 99 0 100 1 
L 7616 14309 0 0 
L 100 0 101 1 
L 17451 18935 0 0 
L 101 0 102 1 
L 5249 20600 0 0 
L 102 0 103 1 
L 31556 16519 0 0 
L 103 0 104 1 
L 30303 22798 0 0 
L 104 0 105 1 
L 11008 6224 0 0 
L 105 0 106 1 
L 32609 5844 0 0 
L 106 0 107 1 
L 32702 14989 0 0 
L 107 0 108 1 
L 20485 3195 0 0 
L 108 0 109 1 
L 14343 3093 0 0 
L 109 0 110 1 
L 1587 30523 0 0 
L 110 0 111 1 
L 9503 29314 0 0 
L 111 0 112 1 
L 25200 7448 0 0 
L 112 0 113 1 
L 6618 13458 0 0 
L 113 0 114 1 
L 19796 20580 0 0 
L 114 0 115 1 
L 15281 14798 0 0 
L 115 0 116 1 
L 20798 19589 0 0 
L 116 0 117 1 
L 27157 28009 0 0 
L 117 0 118 1 
L 23622 20472 0 0 
L 118 0 119 1 
L 12292 18538 0 0 
L 119 0 120 1 
L 24179 6038 0 0 
L 120 0 121 1 
L 29657 18190 0 0 
L 121 0 122 1 
L 6191 7958 0 0 
L 122 0 123 1 
L 22888 19815 0 0 
L 123 0 124 1 
L 11511 19156 0 0 
L 124 0 125 1 
L 2634 16202 0 0 
L 125 0 126 1 
L 20055 24272 0 0 
L 126 0 127 1 
L 22646 20328 0 0 
L 127 0 128 1 
L 4886 26362 0 0 
L 128 0 129 1 
L 28433 18875 0 0 
L 129 0 130 1 
L 20142 29869 0 0 
L 130 0 131 1 
L 1416 23844 0 0 
L 131 0 132 1 
L 31998 21881 0 0 
L 132 0 133 1 
L 18651 10322 0 0 
L 133 0 134 1 
L 5699 10021 0 0 
L 134 0 135 1 
L 28476 3557 0 0 
L 135 0 136 1 
L 24389 27892 0 0 
L 136 0 137 1 
L 10712 5075 0 0 
L 137 0 138 1 
L 2510 2600 0 0 
L 138 0 139 1 
L 26869 21003 0 0 
L 139 0 140 1 
L 14688 17861 0 0 
L 140 0 141 1 
L 9789 13401 0 0 
L 141 0 142 1 
L 16423 15255 0 0 
L 142 0 143 1 
L 10585 5002 0 0 
L 143 0 144 1 
L 10285 24182 0 0 
L 144 0 145 1 
L 31426 27088 0 0 
L 145 0 146 1 
L 23757 28617 0 0 
L 146 0 147 1 
L 30932 9832 0 0 
L 147 0 148 1 
L 2154 4169 0 0 
L 148 0 149 1 
L 17189 25721 0 0 
L 149 0 150 1 
L 31329 19976 0 0 
L 150 0 151 1 
L 28692 2368 0 0 
L 151 0 152 1 
L 10555 21425 0 0 
L 152 0 153 1 
L 16549 3434 0 0 
L 153 0 154 1 
L 9512 7441 0 0 
L 154 0 155 1 
L 18060 30145 0 0 
L 155 0 156 1 
L 3753 21718 0 0 
L 156 0 157 1 
L 12423 16139 0 0 
L 157 0 158 1 
L 25996 16279 0 0 
L 158 0 159 1 
L 12529 16687 0 0 
L 159 0 160 1 
L 17437 22549 0 0 
L 160 0 161 1 
L 12949 19866 0 0 
L 161 0 162 1 
L 23195 193 0 0 
L 162 0 163 1 
L 20416 3297 0 0 
L 163 0 164 1 
L 16105 28286 0 0 
L 164 0 165 1 
L 16282 24488 0 0 
L 165 0 166 1 
L 25734 12455 0 0 
L 166 0 167 1 
L 11701 18114 0 0 
L 167 0 168 1 
L 20671 31316 0 0 
L 168 0 169 1 
L 12263 5786 0 0 
L 169 0 170 1 
L 24355 4313 0 0 
L 170 0 171 1 
L 20053 31185 0 0 
L 171 0 172 1 
L 10808 912 0 0 
L 172 0 173 1 
L 20945 1832 0 0 
L 173 0 174 1 
L 27756 4313 0 0 
L 174 0 175 1 
L 19558 28321 0 0 
L 175 0 176 1 
L 27982 23646 0 0 
L 176 0 177 1 
L 4144 481 0 0 
L 177 0 178 1 
L 20222 23196 0 0 
L 178 0 179 1 
L 2161 7129 0 0 
L 179 0 180 1 
L 20450 5535 0 0 
L 180 0 181 1 
L 10466 11173 0 0 
L 181 0 182 1 
L 21659 12044 0 0 
L 182 0 183 1 
L 26439 26292 0 0 
L 183 0 184 1 
L 20024 17253 0 0 
L 184 0 185 1 
L 29510 26154 0 0 
L 185 0 186 1 
L 20649 4745 0 0 
L 186 0 187 1 
L 8313 13186 0 0 
L 187 0 188 1 
L 28022 4474 0 0 
L 188 0 189 1 
L 14018 2168 0 0 
L 189 0 190 1 
L 9905 18787 0 0 
L 190 0 191 1 
L 7391 17958 0 0 
L 191 0 192 1 
L 3625 10202 0 0 
L 192 0 193 1 
L 4414 26477 0 0 
L 193 0 194 1 
L 25824 9314 0 0 
L 194 0 195 1 
L 25874 29334 0 0 
L 195 0 196 1 
L 20159 24372 0 0 
L 196 0 197 1 
L 28070 11833 0 0 
L 197 0 198 1 
L 28297 7487 0 0 
L 198 0 199 1 
L 8177 7518 0 0 
L 199 0 200 1 
L 32270 17773 0 0 
L 200 0 201 1 
L 2668 1763 0 0 
L 201 0 202 1 
L 13985 17192 0 0 
L 202 0 203 1 
L 8480 3102 0 0 
L 203 0 204 1 
L 7627 29213 0 0 
L 204 0 205 1 
L 4099 4802 0 0 
L 205 0 206 1 
L 2625 30527 0 0 
L 206 0 207 1 
L 1924 1543 0 0 
L 207 0 208 1 
L 29972 11023 0 0 
L 208 0 209 1 
L 14181 13061 0 0 
L 209 0 210 1 
L 27432 31003 0 0 
L 210 0 211 1 
L 27593 17505 0 0 
L 211 0 212 1 
L 13031 22725 0 0 
L 212 0 213 1 
L 142 8492 0 0 
L 213 0 214 1 
L 31286 17222 0 0 
L 214 0 215 1 
L 7900 13064 0 0 
L 215 0 216 1 
L 8360 19187 0 0 
L 216 0 217 1 
L 30974 22413 0 0 
L 217 0 218 1 
L 29170 14270 0 0 
L 218 0 219 1 
L 30833 235 0 0 
L 219 0 220 1 
L 25760 19711 0 0 
L 220 0 221 1 
L 4667 18896 0 0 
L 221 0 222 1 
L 12550 7285 0 0 
L 222 0 223 1 
L 13694 140 0 0 
L 223 0 224 1 
L 21624 2695 0 0 
L 224 0 225 1 
L 2125 28019 0 0 
L 225 0 226 1 
L 21694 26576 0 0 
L 226 0 227 1 
L 26302 22658 0 0 
L 227 0 228 1 
L 22466 17371 0 0 
L 228 0 229 1 
L 22593 4678 0 0 
L 229 0 230 1 
L 25484 23851 0 0 
L 230 0 231 1 
L 28464 1018 0 0 
L 231 0 232 1 
L 23152 21119 0 0 
L 232 0 233 1 
L 18087 2800 0 0 
L 233 0 234 1 
L 1926 31060 0 0 
L 234 0 235 1 
L 4757 9010 0 0 
L 235 0 236 1 
L 20315 32170 0 0 
L 236 0 237 1 
L 30227 9576 0 0 
L 237 0 238 1 
L 22758 12043 0 0 
L 238 0 239 1 
L 5109 7164 0 0 
L 239 0 240 1 
L 17086 7882 0 0 
L 240 0 241 1 
L 3487 29565 0 0 
L 241 0 242 1 
L 14474 29577 0 0 
L 242 0 243 1 
L 25627 2625 0 0 
L 243 0 244 1 
L 31928 5629 0 0 
L 244 0 245 1 
L 28520 25423 0 0 
L 245 0 246 1 
L 14962 6902 0 0 
L 246 0 247 1 
L 24596 123 0 0 
L 247 0 248 1 
L 13261 3737 0 0 
L 248 0 249 1 
L 32525 10195 0 0 
L 249 0 250 1 
L 8260 1264 0 0 
L 250 0 251 1 
L 8116 6202 0 0 
L 251 0 252 1 
L 20326 5030 0 0 
L 252 0 253 1 
L 30771 29011 0 0 
L 253 0 254 1 
L 25547 6411 0 0 
L 254 0 255 1 
L 21520 21153 0 0 
L 255 0 256 1 
L 14924 29790 0 0 
L 256 0 257 1 
L 21763 30188 0 0 
L 257 0 258 1 
L 20851 4940 0 0 
L 258 0 259 1 
L 13829 18662 0 0 
L 259 0 260 1 
L 17713 30900 0 0 
L 260 0 261 1 
L 17578 18958 0 0 
L 261 0 262 1 
L 13007 8365 0 0 
L 262 0 263 1 
L 1200 11477 0 0 
L 263 0 264 1 
L 6439 26058 0 0 
L 264 0 265 1 
L 12760 2303 0 0 
L 265 0 266 1 
L 2324 19357 0 0 
L 266 0 267 1 
L 5108 6477 0 0 
L 267 0 268 1 
L 14887 21113 0 0 
L 268 0 269 1 
L 22850 19801 0 0 
L 269 0 270 1 
L 22428 14460 0 0 
L 270 0 271 1 
L 27384 12993 0 0 
L 271 0 272 1 
L 6540 19405 0 0 
L 272 0 273 1 
L 28704 31111 0 0 
L 273 0 274 1 
L 32356 12835 0 0 
L 274 0 275 1 
L 29350 6072 0 0 
L 275 0 276 1 
L 14485 18823 0 0 
L 276 0 277 1 
L 23216 20556 0 0 
L 277 0 278 1 
L 9357 1626 0 0 
L 278 0 279 1 
L 13357 8526 0 0 
L 279 0 280 1 
L 23271 29337 0 0 
L 280 0 281 1 
L 29361 23869 0 0 
L 281 0 282 1 
L 13022 12896 0 0 
L 282 0 283 1 
L 10112 29617 0 0 
L 283 0 284 1 
L 18696 12717 0 0 
L 284 0 285 1 
L 24041 11585 0 0 
L 285 0 286 1 
L 24129 24423 0 0 
L 286 0 287 1 
L 4565 24229 0 0 
L 287 0 288 1 
L 8932 6559 0 0 
L 288 0 289 1 
L 29855 22296 0 0 
L 289 0 290 1 
L 16962 12053 0 0 
L 290 0 291 1 
L 29734 3584 0 0 
L 291 0 292 1 
L 16972 6654 0 0 
L 292 0 293 1 
L 14369 21457 0 0 
L 293 0 294 1 
L 2963 22532 0 0 
L 294 0 295 1 
L 2483 2607 0 0 
L 295 0 296 1 
L 11635 911 0 0 
L 296 0 297 1 
L 22848 10067 0 0 
L 297 0 298 1 
L 12938 4675 0 0 
L 298 0 299 1 
L 22142 2223 0 0 
L 299 0 300 1 
L 6511 23754 0 0 
L 300 0 301 1 
L 20175 22741 0 0 
L 301 0 302 1 
L 17825 21459 0 0 
L 302 0 303 1 
L 17870 3221 0 0 
L 303 0 304 1 
L 31934 1626 0 0 
L 304 0 305 1 
L 31783 15205 0 0 
L 305 0 306 1 
L 17398 23850 0 0 
L 306 0 307 1 
L 22701 22279 0 0 
L 307 0 308 1 
L 12734 12193 0 0 
L 308 0 309 1 
L 26534 1637 0 0 
L 309 0 310 1 
L 1993 5556 0 0 
L 310 0 311 1 
L 25705 10176 0 0 
L 311 0 312 1 
L 10548 6962 0 0 
L 312 0 313 1 
L 300 15881 0 0 
L 313 0 314 1 
L 16641 14413 0 0 
L 314 0 315 1 
L 24855 19855 0 0 
L 315 0 316 1 
L 11462 13142 0 0 
L 316 0 317 1 
L 30877 27611 0 0 
L 317 0 318 1 
L 32678 20424 0 0 
L 318 0 319 1 
L 18443 1752 0 0 
L 319 0 320 1 
L 12673 28296 0 0 
L 320 0 321 1 
L 9313 10040 0 0 
L 321 0 322 1 
L 20072 875 0 0 
L 322 0 323 1 
L 610 12818 0 0 
L 323 0 324 1 
L 14932 1017 0 0 
L 324 0 325 1 
L 30695 28112 0 0 
L 325 0 326 1 
L 23831 13169 0 0 
L 326 0 327 1 
L 26488 20040 0 0 
L 327 0 328 1 
L 19090 28685 0 0 
L 328 0 329 1 
L 2589 19497 0 0 
L 329 0 330 1 
L 15145 25990 0 0 
L 330 0 331 1 
L 19314 19353 0 0 
L 331 0 332 1 
L 26740 18651 0 0 
L 332 0 333 1 
L 11258 22044 0 0 
L 333 0 334 1 
L 8759 335 0 0 
L 334 0 335 1 
L 7605 11192 0 0 
L 335 0 336 1 
L 12181 25264 0 0 
L 336 0 337 1 
L 3829 28503 0 0 
L 337 0 338 1 
L 20608 23775 0 0 
L 338 0 339 1 
L 5997 29292 0 0 
L 339 0 340 1 
L 29556 17549 0 0 
L 340 0 341 1 
L 31627 25561 0 0 
L 341 0 342 1 
L 29541 6467 0 0 
L 342 0 343 1 
L 31240 26129 0 0 
L 343 0 344 1 
L 29174 27813 0 0 
L 344 0 345 1 
L 6077 20601 0 0 
L 345 0 346 1 
L 8683 20215 0 0 
L 346 0 347 1 
L 23992 8213 0 0 
L 347 0 348 1 
L 5601 25824 0 0 
L 348 0 349 1 
L 15759 23392 0 0 
L 349 0 350 1 
L 26428 2670 0 0 
L 350 0 351 1 
L 4084 28027 0 0 
L 351 0 352 1 
L 18786 10075 0 0 
L 352 0 353 1 
L 24970 15498 0 0 
L 353 0 354 1 
L 23847 6287 0 0 
L 354 0 355 1 
L 503 32604 0 0 
L 355 0 356 1 
L 22663 21221 0 0 
L 356 0 357 1 
L 2363 5706 0 0 
L 357 0 358 1 
L 22171 9010 0 0 
L 358 0 359 1 
L 18240 27489 0 0 
L 359 0 360 1 
L 25542 12164 0 0 
L 360 0 361 1 
L 20913 7619 0 0 
L 361 0 362 1 
L 6704 7591 0 0 
L 362 0 363 1 
L 9232 31818 0 0 
L 363 0 364 1 
L 25205 750 0 0 
L 364 0 365 1 
L 1539 4975 0 0 
L 365 0 366 1 
L 11422 303 0 0 
L 366 0 367 1 
L 11247 21098 0 0 
L 367 0 368 1 
L 13648 13584 0 0 
L 368 0 369 1 
L 17864 2971 0 0 
L 369 0 370 1 
L 11075 22913 0 0 
L 370 0 371 1 
L 28712 21545 0 0 
L 371 0 372 1 
L 18678 17546 0 0 
L 372 0 373 1 
L 15262 1769 0 0 
L 373 0 374 1 
L 13985 8519 0 0 
L 374 0 375 1 
L 15944 28289 0 0 
L 375 0 376 1 
L 18540 2865 0 0 
L 376 0 377 1 
L 25508 23245 0 0 
L 377 0 378 1 
L 27870 28318 0 0 
L 378 0 379 1 
L 28323 9601 0 0 
L 379 0 380 1 
L 24472 21132 0 0 
L 380 0 381 1 
L 25087 27152 0 0 
L 381 0 382 1 
L 29763 28570 0 0 
L 382 0 383 1 
L 17103 29901 0 0 
L 383 0 384 1 
L 3527 14423 0 0 
L 384 0 385 1 
L 26969 11600 0 0 
L 385 0 386 1 
L 5565 14015 0 0 
L 386 0 387 1 
L 21543 28 0 0 
L 387 0 388 1 
L 2088 25347 0 0 
L 388 0 389 1 
L 12637 2943 0 0 
L 389 0 390 1 
L 26463 22409 0 0 
L 390 0 391 1 
L 4681 5049 0 0 
L 391 0 392 1 
L 11342 1588 0 0 
L 392 0 393 1 
L 32060 608 0 0 
L 393 0 394 1 
L 1758 21221 0 0 
L 394 0 395 1 
L 20888 29954 0 0 
L 395 0 396 1 
L 690 14146 0 0 
L 396 0 397 1 
L 12843 7949 0 0 
L 397 0 398 1 
L 25620 21430 0 0 
L 398 0 399 1 
L 27067 748 0 0 
L 399 0 400 1 
L 20783 4536 0 0 
L 400 0 401 1 
L 32226 18035 0 0 
L 401 0 402 1 
L 7038 15185 0 0 
L 402 0 403 1 
L 25629 9853 0 0 
L 403 0 404 1 
L 15748 11224 0 0 
L 404 0 405 1 
L 3359 19923 0 0 
L 405 0 406 1 
L 24766 32257 0 0 
L 406 0 407 1 
L 14955 4944 0 0 
L 407 0 408 1 
L 32726 23318 0 0 
L 408 0 409 1 
L 21025 25411 0 0 
L 409 0 410 1 
L 31001 20355 0 0 
L 410 0 411 1 
L 9496 22549 0 0 
L 411 0 412 1 
L 9515 18584 0 0 
L 412 0 413 1 
L 23342 17964 0 0 
L 413 0 414 1 
L 17913 8075 0 0 
L 414 0 415 1 
L 31196 16142 0 0 
L 415 0 416 1 
L 25072 21948 0 0 
L 416 0 417 1 
L 14606 20426 0 0 
L 417 0 418 1 
L 24429 26173 0 0 
L 418 0 419 1 
L 6705 32404 0 0 
L 419 0 420 1 
L 29812 20626 0 0 
L 420 0 421 1 
L 30093 19375 0 0 
L 421 0 422 1 
L 16036 16565 0 0 
L 422 0 423 1 
L 29141 14736 0 0 
L 423 0 424 1 
L 5994 30814 0 0 
L 424 0 425 1 
L 6652 8256 0 0 
L 425 0 426 1 
L 30838 23936 0 0 
L 426 0 427 1 
L 1355 20482 0 0 
L 427 0 428 1 
L 1131 21015 0 0 
L 428 0 429 1 
L 17841 18230 0 0 
L 429 0 430 1 
L 2011 14625 0 0 
L 430 0 431 1 
L 4186 32637 0 0 
L 431 0 432 1 
L 1650 19690 0 0 
L 432 0 433 1 
L 21634 5662 0 0 
L 433 0 434 1 
L 10353 10893 0 0 
L 434 0 435 1 
L 13452 21416 0 0 
L 435 0 436 1 
L 7262 14008 0 0 
L 436 0 437 1 
L 5454 22233 0 0 
L 437 0 438 1 
L 16634 16303 0 0 
L 438 0 439 1 
L 14256 26303 0 0 
L 439 0 440 1 
L 11124 148 0 0 
L 440 0 441 1 
L 4213 12317 0 0 
L 441 0 442 1 
L 24028 27109 0 0 
L 442 0 443 1 
L 21080 29200 0 0 
L 443 0 444 1 
L 16858 21318 0 0 
L 444 0 445 1 
L 24155 24050 0 0 
L 445 0 446 1 
L 15264 31361 0 0 
L 446 0 447 1 
L 3676 11903 0 0 
L 447 0 448 1 
L 26909 29643 0 0 
L 448 0 449 1 
L 3561 14902 0 0 
L 449 0 450 1 
L 24948 28489 0 0 
L 450 0 451 1 
L 13653 1282 0 0 
L 451 0 452 1 
L 2220 30674 0 0 
L 452 0 453 1 
L 6923 5402 0 0 
L 453 0 454 1 
L 19369 3831 0 0 
L 454 0 455 1 
L 20259 3878 0 0 
L 455 0 456 1 
L 22619 19008 0 0 
L 456 0 457 1 
L 30003 23971 0 0 
L 457 0 458 1 
L 9781 21945 0 0 
L 458 0 459 1 
L 12392 26504 0 0 
L 459 0 460 1 
L 25313 32685 0 0 
L 460 0 461 1 
L 5589 6698 0 0 
L 461 0 462 1 
L 5938 12722 0 0 
L 462 0 463 1 
L 6410 19037 0 0 
L 463 0 464 1 
L 6234 31461 0 0 
L 464 0 465 1 
L 9961 12508 0 0 
L 465 0 466 1 
L 6493 3959 0 0 
L 466 0 467 1 
L 25269 1515 0 0 
L 467 0 468 1 
L 28869 24937 0 0 
L 468 0 469 1 
L 14700 58 0 0 
L 469 0 470 1 
L 26264 13971 0 0 
L 470 0 471 1 
L 16215 15117 0 0 
L 471 0 472 1 
L 7815 24555 0 0 
L 472 0 473 1 
L 3039 18330 0 0 
L 473 0 474 1 
L 29288 30212 0 0 
L 474 0 475 1 
L 1954 28082 0 0 
L 475 0 476 1 
L 20710 16085 0 0 
L 476 0 477 1 
L 24774 24484 0 0 
L 477 0 478 1 
L 29815 8380 0 0 
L 478 0 479 1 
L 6541 25951 0 0 
L 479 0 480 1 
L 1679 18115 0 0 
L 480 0 481 1 
L 25898 17110 0 0 
L 481 0 482 1 
L 788 23073 0 0 
L 482 0 483 1 
L 18132 23977 0 0 
L 483 0 484 1 
L 28689 29956 0 0 
L 484 0 485 1 
L 10008 26113 0 0 
L 485 0 486 1 
L 15790 12941 0 0 
L 486 0 487 1 
L 21363 1723 0 0 
L 487 0 488 1 
L 25184 28 0 0 
L 488 0 489 1 
L 7200 24778 0 0 
L 489 0 490 1 
L 1885 5071 0 0 
L 490 0 491 1 
L 1071 21974 0 0 
L 491 0 492 1 
L 22867 11333 0 0 
L 492 0 493 1 
L 14295 26153 0 0 
L 493 0 494 1 
L 20825 32168 0 0 
L 494 0 495 1 
L 15629 9676 0 0 
L 495 0 496 1 
L 2598 28650 0 0 
L 496 0 497 1 
L 4693 3309 0 0 
L 497 0 498 1 
L 30080 4686 0 0 
L 498 0 499 1 
L 12249 10116 0 0 
L 499 0 500 1 
